state_estimator_node:
  ros__parameters:
    map_frame: "odom"
    body_frame: "base_link"
    use_msg_time: false
    InitialRotationNoise: 0.25
    InitialVelocityNoise: 0.1
    InitialBiasNoiseAcc: 2.0e-1
    InitialBiasNoiseGyro: 2.0e-2
    AccelerometerSigma: 1.0e-2
    GyroSigma: 8.73e-5
    AccelBiasSigma: 3.9e-4
    GyroBiasSigma: 4.8e-10
    GPSSigma: 0.005
    SensorTransformX: 0.0 #0.8484 #1.8524 #0.28 #0.0
    SensorTransformY: 0.0 #0.030188 #0.030188 #0.030188 #0.0
    SensorTransformZ: 0.0 #0.52712 #0.41802 #-0.37878 #0.0
    SensorXAngle: 0.0
    SensorYAngle: 0.0 #3.14159265359
    SensorZAngle: -1.57079632679
    CarXAngle: 0.0 #3.14159265359
    CarYAngle: 0.0
    CarZAngle: 0.0
    Gravity: 9.8
    InvertX: false
    InvertY: false
    InvertZ: false
    Imudt: 0.0082
    GPSX: 0.5684 #1.567 #0.0 #-0.37
    GPSY: 0.0 #0.0 #0.0
    GPSZ: 0.9059 #0.7968 #0.0 #-0.06
    FixedInitialPose: true
    initialRoll:  0.0
    intialPitch:  0.0
    initialYaw:  0.0
    FixedOrigin: true
    latOrigin: 39.812362434879994
    lonOrigin: -86.34152476995997
    altOrigin: 261.4991921475157
    MaxGPSError: 10000.0
    use_imu_lpf: false
    imu_lpf_dt: 0.0083
    imu_lpf_cut_f: 2.0