Origin:

self.ll_origin = [39.809786, -86.235148]

self.utm_origin = [565468.68, 4406925.45]
