Origin:

self.ll_origin = [39.810197, -86.34254]

self.utm_origin = [556275.852, 4406898.026]
